{
 "cells": [
  {
   "cell_type": "code",
   "execution_count": 82,
   "metadata": {
    "collapsed": true
   },
   "outputs": [],
   "source": [
    "import matplotlib.pyplot as plt\n",
    "import numpy as np\n",
    "import pandas as pd\n",
    "\n",
    "import seaborn as sns\n",
    "\n",
    "\n",
    "%matplotlib inline\n",
    "%config InlineBackend.figure_format = 'retina'\n",
    "\n",
    "from sklearn.neighbors import KNeighborsClassifier\n",
    "from sklearn.linear_model import LogisticRegression, PassiveAggressiveClassifier\n",
    "from sklearn.neighbors import KNeighborsClassifier\n",
    "from sklearn.cross_validation import cross_val_score, StratifiedKFold, train_test_split\n",
    "from sklearn.grid_search import GridSearchCV\n"
   ]
  },
  {
   "cell_type": "code",
   "execution_count": 21,
   "metadata": {
    "collapsed": false
   },
   "outputs": [],
   "source": [
    "train_msq = pd.read_csv('/Users/nichollejames/Desktop/mosquitos/kaggle_competition/clean_data/train_msq.csv')"
   ]
  },
  {
   "cell_type": "code",
   "execution_count": 22,
   "metadata": {
    "collapsed": false
   },
   "outputs": [
    {
     "data": {
      "text/plain": [
       "['Unnamed: 0',\n",
       " 'Trap',\n",
       " 'Date',\n",
       " 'Species',\n",
       " 'TotalMosquitos',\n",
       " 'Address',\n",
       " 'Block',\n",
       " 'Street',\n",
       " 'AddressNumberAndStreet',\n",
       " 'Latitude',\n",
       " 'Longitude',\n",
       " 'AddressAccuracy',\n",
       " 'NumMosquitos',\n",
       " 'WnvPresent',\n",
       " 'dist_to_spray',\n",
       " 'dist_to_ord',\n",
       " 'dist_to_mdw',\n",
       " 'station_name',\n",
       " 'Station',\n",
       " 'Tmax',\n",
       " 'Tmin',\n",
       " 'Tavg',\n",
       " 'WetBulb',\n",
       " 'PrecipTotal',\n",
       " 'ResultSpeed',\n",
       " 'AvgSpeed']"
      ]
     },
     "execution_count": 22,
     "metadata": {},
     "output_type": "execute_result"
    }
   ],
   "source": [
    "train_msq.columns.tolist()"
   ]
  },
  {
   "cell_type": "code",
   "execution_count": 23,
   "metadata": {
    "collapsed": false
   },
   "outputs": [],
   "source": [
    "import imp\n",
    "plotter = imp.load_source('plotter', '/Users/nichollejames/Desktop/DSI-SF-2-oboechick/week-04/plotting/knn_plotter.py')\n",
    "from plotter import KNNBoundaryPlotter"
   ]
  },
  {
   "cell_type": "code",
   "execution_count": 37,
   "metadata": {
    "collapsed": false,
    "scrolled": true
   },
   "outputs": [
    {
     "data": {
      "text/html": [
       "<div>\n",
       "<table border=\"1\" class=\"dataframe\">\n",
       "  <thead>\n",
       "    <tr style=\"text-align: right;\">\n",
       "      <th></th>\n",
       "      <th>Unnamed: 0</th>\n",
       "      <th>TotalMosquitos</th>\n",
       "      <th>Block</th>\n",
       "      <th>Latitude</th>\n",
       "      <th>Longitude</th>\n",
       "      <th>AddressAccuracy</th>\n",
       "      <th>NumMosquitos</th>\n",
       "      <th>WnvPresent</th>\n",
       "      <th>dist_to_spray</th>\n",
       "      <th>dist_to_ord</th>\n",
       "      <th>dist_to_mdw</th>\n",
       "      <th>Station</th>\n",
       "      <th>Tmax</th>\n",
       "      <th>Tmin</th>\n",
       "      <th>Tavg</th>\n",
       "      <th>WetBulb</th>\n",
       "      <th>PrecipTotal</th>\n",
       "      <th>ResultSpeed</th>\n",
       "      <th>AvgSpeed</th>\n",
       "    </tr>\n",
       "  </thead>\n",
       "  <tbody>\n",
       "    <tr>\n",
       "      <th>Unnamed: 0</th>\n",
       "      <td>1.000000</td>\n",
       "      <td>0.064123</td>\n",
       "      <td>-0.075375</td>\n",
       "      <td>-0.269734</td>\n",
       "      <td>0.163840</td>\n",
       "      <td>-0.293780</td>\n",
       "      <td>0.038228</td>\n",
       "      <td>-0.011267</td>\n",
       "      <td>0.225163</td>\n",
       "      <td>0.249257</td>\n",
       "      <td>0.075511</td>\n",
       "      <td>0.152102</td>\n",
       "      <td>-0.024049</td>\n",
       "      <td>0.006406</td>\n",
       "      <td>-0.011248</td>\n",
       "      <td>-0.025862</td>\n",
       "      <td>-0.047997</td>\n",
       "      <td>0.027858</td>\n",
       "      <td>0.018731</td>\n",
       "    </tr>\n",
       "    <tr>\n",
       "      <th>TotalMosquitos</th>\n",
       "      <td>0.064123</td>\n",
       "      <td>1.000000</td>\n",
       "      <td>-0.075255</td>\n",
       "      <td>-0.059085</td>\n",
       "      <td>-0.001649</td>\n",
       "      <td>-0.092381</td>\n",
       "      <td>0.405804</td>\n",
       "      <td>0.055560</td>\n",
       "      <td>0.113958</td>\n",
       "      <td>0.035746</td>\n",
       "      <td>0.066979</td>\n",
       "      <td>-0.012511</td>\n",
       "      <td>0.054795</td>\n",
       "      <td>0.064098</td>\n",
       "      <td>0.062812</td>\n",
       "      <td>0.061401</td>\n",
       "      <td>-0.004496</td>\n",
       "      <td>-0.006327</td>\n",
       "      <td>-0.000104</td>\n",
       "    </tr>\n",
       "    <tr>\n",
       "      <th>Block</th>\n",
       "      <td>-0.075375</td>\n",
       "      <td>-0.075255</td>\n",
       "      <td>1.000000</td>\n",
       "      <td>0.089427</td>\n",
       "      <td>-0.190142</td>\n",
       "      <td>0.173786</td>\n",
       "      <td>0.001985</td>\n",
       "      <td>0.037100</td>\n",
       "      <td>0.068967</td>\n",
       "      <td>-0.121988</td>\n",
       "      <td>-0.001350</td>\n",
       "      <td>-0.294010</td>\n",
       "      <td>0.027102</td>\n",
       "      <td>-0.002683</td>\n",
       "      <td>0.013747</td>\n",
       "      <td>0.027731</td>\n",
       "      <td>0.049359</td>\n",
       "      <td>-0.008821</td>\n",
       "      <td>-0.011739</td>\n",
       "    </tr>\n",
       "    <tr>\n",
       "      <th>Latitude</th>\n",
       "      <td>-0.269734</td>\n",
       "      <td>-0.059085</td>\n",
       "      <td>0.089427</td>\n",
       "      <td>1.000000</td>\n",
       "      <td>-0.636393</td>\n",
       "      <td>0.326204</td>\n",
       "      <td>-0.050559</td>\n",
       "      <td>0.045720</td>\n",
       "      <td>-0.559910</td>\n",
       "      <td>-0.925625</td>\n",
       "      <td>0.492132</td>\n",
       "      <td>-0.748935</td>\n",
       "      <td>-0.020913</td>\n",
       "      <td>-0.115107</td>\n",
       "      <td>-0.069281</td>\n",
       "      <td>-0.025173</td>\n",
       "      <td>0.102520</td>\n",
       "      <td>0.004720</td>\n",
       "      <td>-0.018920</td>\n",
       "    </tr>\n",
       "    <tr>\n",
       "      <th>Longitude</th>\n",
       "      <td>0.163840</td>\n",
       "      <td>-0.001649</td>\n",
       "      <td>-0.190142</td>\n",
       "      <td>-0.636393</td>\n",
       "      <td>1.000000</td>\n",
       "      <td>-0.370554</td>\n",
       "      <td>-0.053131</td>\n",
       "      <td>-0.073199</td>\n",
       "      <td>0.282355</td>\n",
       "      <td>0.868549</td>\n",
       "      <td>-0.087958</td>\n",
       "      <td>0.639094</td>\n",
       "      <td>0.049637</td>\n",
       "      <td>0.125382</td>\n",
       "      <td>0.090874</td>\n",
       "      <td>0.053566</td>\n",
       "      <td>-0.069015</td>\n",
       "      <td>0.013421</td>\n",
       "      <td>0.038248</td>\n",
       "    </tr>\n",
       "    <tr>\n",
       "      <th>AddressAccuracy</th>\n",
       "      <td>-0.293780</td>\n",
       "      <td>-0.092381</td>\n",
       "      <td>0.173786</td>\n",
       "      <td>0.326204</td>\n",
       "      <td>-0.370554</td>\n",
       "      <td>1.000000</td>\n",
       "      <td>-0.047644</td>\n",
       "      <td>0.025590</td>\n",
       "      <td>-0.266432</td>\n",
       "      <td>-0.374493</td>\n",
       "      <td>-0.105390</td>\n",
       "      <td>-0.189960</td>\n",
       "      <td>-0.013100</td>\n",
       "      <td>-0.044099</td>\n",
       "      <td>-0.029442</td>\n",
       "      <td>-0.012254</td>\n",
       "      <td>0.034484</td>\n",
       "      <td>-0.026800</td>\n",
       "      <td>-0.033443</td>\n",
       "    </tr>\n",
       "    <tr>\n",
       "      <th>NumMosquitos</th>\n",
       "      <td>0.038228</td>\n",
       "      <td>0.405804</td>\n",
       "      <td>0.001985</td>\n",
       "      <td>-0.050559</td>\n",
       "      <td>-0.053131</td>\n",
       "      <td>-0.047644</td>\n",
       "      <td>1.000000</td>\n",
       "      <td>0.228447</td>\n",
       "      <td>0.098939</td>\n",
       "      <td>0.008845</td>\n",
       "      <td>0.050929</td>\n",
       "      <td>-0.044371</td>\n",
       "      <td>0.090340</td>\n",
       "      <td>0.097279</td>\n",
       "      <td>0.099871</td>\n",
       "      <td>0.095301</td>\n",
       "      <td>0.010673</td>\n",
       "      <td>0.019513</td>\n",
       "      <td>0.026346</td>\n",
       "    </tr>\n",
       "    <tr>\n",
       "      <th>WnvPresent</th>\n",
       "      <td>-0.011267</td>\n",
       "      <td>0.055560</td>\n",
       "      <td>0.037100</td>\n",
       "      <td>0.045720</td>\n",
       "      <td>-0.073199</td>\n",
       "      <td>0.025590</td>\n",
       "      <td>0.228447</td>\n",
       "      <td>1.000000</td>\n",
       "      <td>-0.075315</td>\n",
       "      <td>-0.062938</td>\n",
       "      <td>0.026974</td>\n",
       "      <td>-0.065765</td>\n",
       "      <td>0.041011</td>\n",
       "      <td>0.064859</td>\n",
       "      <td>0.056063</td>\n",
       "      <td>0.072407</td>\n",
       "      <td>0.013806</td>\n",
       "      <td>-0.050981</td>\n",
       "      <td>-0.037695</td>\n",
       "    </tr>\n",
       "    <tr>\n",
       "      <th>dist_to_spray</th>\n",
       "      <td>0.225163</td>\n",
       "      <td>0.113958</td>\n",
       "      <td>0.068967</td>\n",
       "      <td>-0.559910</td>\n",
       "      <td>0.282355</td>\n",
       "      <td>-0.266432</td>\n",
       "      <td>0.098939</td>\n",
       "      <td>-0.075315</td>\n",
       "      <td>1.000000</td>\n",
       "      <td>0.501655</td>\n",
       "      <td>-0.088350</td>\n",
       "      <td>0.257966</td>\n",
       "      <td>-0.072466</td>\n",
       "      <td>-0.079692</td>\n",
       "      <td>-0.089688</td>\n",
       "      <td>-0.298346</td>\n",
       "      <td>-0.287081</td>\n",
       "      <td>0.208023</td>\n",
       "      <td>0.091633</td>\n",
       "    </tr>\n",
       "    <tr>\n",
       "      <th>dist_to_ord</th>\n",
       "      <td>0.249257</td>\n",
       "      <td>0.035746</td>\n",
       "      <td>-0.121988</td>\n",
       "      <td>-0.925625</td>\n",
       "      <td>0.868549</td>\n",
       "      <td>-0.374493</td>\n",
       "      <td>0.008845</td>\n",
       "      <td>-0.062938</td>\n",
       "      <td>0.501655</td>\n",
       "      <td>1.000000</td>\n",
       "      <td>-0.322641</td>\n",
       "      <td>0.748754</td>\n",
       "      <td>0.037299</td>\n",
       "      <td>0.128948</td>\n",
       "      <td>0.085554</td>\n",
       "      <td>0.040573</td>\n",
       "      <td>-0.092600</td>\n",
       "      <td>0.004204</td>\n",
       "      <td>0.031014</td>\n",
       "    </tr>\n",
       "    <tr>\n",
       "      <th>dist_to_mdw</th>\n",
       "      <td>0.075511</td>\n",
       "      <td>0.066979</td>\n",
       "      <td>-0.001350</td>\n",
       "      <td>0.492132</td>\n",
       "      <td>-0.087958</td>\n",
       "      <td>-0.105390</td>\n",
       "      <td>0.050929</td>\n",
       "      <td>0.026974</td>\n",
       "      <td>-0.088350</td>\n",
       "      <td>-0.322641</td>\n",
       "      <td>1.000000</td>\n",
       "      <td>-0.658202</td>\n",
       "      <td>-0.009961</td>\n",
       "      <td>-0.074091</td>\n",
       "      <td>-0.043403</td>\n",
       "      <td>-0.013508</td>\n",
       "      <td>0.096741</td>\n",
       "      <td>0.057033</td>\n",
       "      <td>0.040398</td>\n",
       "    </tr>\n",
       "    <tr>\n",
       "      <th>Station</th>\n",
       "      <td>0.152102</td>\n",
       "      <td>-0.012511</td>\n",
       "      <td>-0.294010</td>\n",
       "      <td>-0.748935</td>\n",
       "      <td>0.639094</td>\n",
       "      <td>-0.189960</td>\n",
       "      <td>-0.044371</td>\n",
       "      <td>-0.065765</td>\n",
       "      <td>0.257966</td>\n",
       "      <td>0.748754</td>\n",
       "      <td>-0.658202</td>\n",
       "      <td>1.000000</td>\n",
       "      <td>0.034683</td>\n",
       "      <td>0.141259</td>\n",
       "      <td>0.090700</td>\n",
       "      <td>0.039651</td>\n",
       "      <td>-0.139322</td>\n",
       "      <td>-0.025412</td>\n",
       "      <td>-0.000297</td>\n",
       "    </tr>\n",
       "    <tr>\n",
       "      <th>Tmax</th>\n",
       "      <td>-0.024049</td>\n",
       "      <td>0.054795</td>\n",
       "      <td>0.027102</td>\n",
       "      <td>-0.020913</td>\n",
       "      <td>0.049637</td>\n",
       "      <td>-0.013100</td>\n",
       "      <td>0.090340</td>\n",
       "      <td>0.041011</td>\n",
       "      <td>-0.072466</td>\n",
       "      <td>0.037299</td>\n",
       "      <td>-0.009961</td>\n",
       "      <td>0.034683</td>\n",
       "      <td>1.000000</td>\n",
       "      <td>0.787398</td>\n",
       "      <td>0.950253</td>\n",
       "      <td>0.870301</td>\n",
       "      <td>0.049302</td>\n",
       "      <td>-0.028529</td>\n",
       "      <td>0.007922</td>\n",
       "    </tr>\n",
       "    <tr>\n",
       "      <th>Tmin</th>\n",
       "      <td>0.006406</td>\n",
       "      <td>0.064098</td>\n",
       "      <td>-0.002683</td>\n",
       "      <td>-0.115107</td>\n",
       "      <td>0.125382</td>\n",
       "      <td>-0.044099</td>\n",
       "      <td>0.097279</td>\n",
       "      <td>0.064859</td>\n",
       "      <td>-0.079692</td>\n",
       "      <td>0.128948</td>\n",
       "      <td>-0.074091</td>\n",
       "      <td>0.141259</td>\n",
       "      <td>0.787398</td>\n",
       "      <td>1.000000</td>\n",
       "      <td>0.939185</td>\n",
       "      <td>0.928897</td>\n",
       "      <td>0.174532</td>\n",
       "      <td>0.054748</td>\n",
       "      <td>0.145315</td>\n",
       "    </tr>\n",
       "    <tr>\n",
       "      <th>Tavg</th>\n",
       "      <td>-0.011248</td>\n",
       "      <td>0.062812</td>\n",
       "      <td>0.013747</td>\n",
       "      <td>-0.069281</td>\n",
       "      <td>0.090874</td>\n",
       "      <td>-0.029442</td>\n",
       "      <td>0.099871</td>\n",
       "      <td>0.056063</td>\n",
       "      <td>-0.089688</td>\n",
       "      <td>0.085554</td>\n",
       "      <td>-0.043403</td>\n",
       "      <td>0.090700</td>\n",
       "      <td>0.950253</td>\n",
       "      <td>0.939185</td>\n",
       "      <td>1.000000</td>\n",
       "      <td>0.949113</td>\n",
       "      <td>0.117385</td>\n",
       "      <td>0.008668</td>\n",
       "      <td>0.075251</td>\n",
       "    </tr>\n",
       "    <tr>\n",
       "      <th>WetBulb</th>\n",
       "      <td>-0.025862</td>\n",
       "      <td>0.061401</td>\n",
       "      <td>0.027731</td>\n",
       "      <td>-0.025173</td>\n",
       "      <td>0.053566</td>\n",
       "      <td>-0.012254</td>\n",
       "      <td>0.095301</td>\n",
       "      <td>0.072407</td>\n",
       "      <td>-0.298346</td>\n",
       "      <td>0.040573</td>\n",
       "      <td>-0.013508</td>\n",
       "      <td>0.039651</td>\n",
       "      <td>0.870301</td>\n",
       "      <td>0.928897</td>\n",
       "      <td>0.949113</td>\n",
       "      <td>1.000000</td>\n",
       "      <td>0.249396</td>\n",
       "      <td>-0.026026</td>\n",
       "      <td>0.067385</td>\n",
       "    </tr>\n",
       "    <tr>\n",
       "      <th>PrecipTotal</th>\n",
       "      <td>-0.047997</td>\n",
       "      <td>-0.004496</td>\n",
       "      <td>0.049359</td>\n",
       "      <td>0.102520</td>\n",
       "      <td>-0.069015</td>\n",
       "      <td>0.034484</td>\n",
       "      <td>0.010673</td>\n",
       "      <td>0.013806</td>\n",
       "      <td>-0.287081</td>\n",
       "      <td>-0.092600</td>\n",
       "      <td>0.096741</td>\n",
       "      <td>-0.139322</td>\n",
       "      <td>0.049302</td>\n",
       "      <td>0.174532</td>\n",
       "      <td>0.117385</td>\n",
       "      <td>0.249396</td>\n",
       "      <td>1.000000</td>\n",
       "      <td>0.129405</td>\n",
       "      <td>0.231715</td>\n",
       "    </tr>\n",
       "    <tr>\n",
       "      <th>ResultSpeed</th>\n",
       "      <td>0.027858</td>\n",
       "      <td>-0.006327</td>\n",
       "      <td>-0.008821</td>\n",
       "      <td>0.004720</td>\n",
       "      <td>0.013421</td>\n",
       "      <td>-0.026800</td>\n",
       "      <td>0.019513</td>\n",
       "      <td>-0.050981</td>\n",
       "      <td>0.208023</td>\n",
       "      <td>0.004204</td>\n",
       "      <td>0.057033</td>\n",
       "      <td>-0.025412</td>\n",
       "      <td>-0.028529</td>\n",
       "      <td>0.054748</td>\n",
       "      <td>0.008668</td>\n",
       "      <td>-0.026026</td>\n",
       "      <td>0.129405</td>\n",
       "      <td>1.000000</td>\n",
       "      <td>0.899258</td>\n",
       "    </tr>\n",
       "    <tr>\n",
       "      <th>AvgSpeed</th>\n",
       "      <td>0.018731</td>\n",
       "      <td>-0.000104</td>\n",
       "      <td>-0.011739</td>\n",
       "      <td>-0.018920</td>\n",
       "      <td>0.038248</td>\n",
       "      <td>-0.033443</td>\n",
       "      <td>0.026346</td>\n",
       "      <td>-0.037695</td>\n",
       "      <td>0.091633</td>\n",
       "      <td>0.031014</td>\n",
       "      <td>0.040398</td>\n",
       "      <td>-0.000297</td>\n",
       "      <td>0.007922</td>\n",
       "      <td>0.145315</td>\n",
       "      <td>0.075251</td>\n",
       "      <td>0.067385</td>\n",
       "      <td>0.231715</td>\n",
       "      <td>0.899258</td>\n",
       "      <td>1.000000</td>\n",
       "    </tr>\n",
       "  </tbody>\n",
       "</table>\n",
       "</div>"
      ],
      "text/plain": [
       "                 Unnamed: 0  TotalMosquitos     Block  Latitude  Longitude  \\\n",
       "Unnamed: 0         1.000000        0.064123 -0.075375 -0.269734   0.163840   \n",
       "TotalMosquitos     0.064123        1.000000 -0.075255 -0.059085  -0.001649   \n",
       "Block             -0.075375       -0.075255  1.000000  0.089427  -0.190142   \n",
       "Latitude          -0.269734       -0.059085  0.089427  1.000000  -0.636393   \n",
       "Longitude          0.163840       -0.001649 -0.190142 -0.636393   1.000000   \n",
       "AddressAccuracy   -0.293780       -0.092381  0.173786  0.326204  -0.370554   \n",
       "NumMosquitos       0.038228        0.405804  0.001985 -0.050559  -0.053131   \n",
       "WnvPresent        -0.011267        0.055560  0.037100  0.045720  -0.073199   \n",
       "dist_to_spray      0.225163        0.113958  0.068967 -0.559910   0.282355   \n",
       "dist_to_ord        0.249257        0.035746 -0.121988 -0.925625   0.868549   \n",
       "dist_to_mdw        0.075511        0.066979 -0.001350  0.492132  -0.087958   \n",
       "Station            0.152102       -0.012511 -0.294010 -0.748935   0.639094   \n",
       "Tmax              -0.024049        0.054795  0.027102 -0.020913   0.049637   \n",
       "Tmin               0.006406        0.064098 -0.002683 -0.115107   0.125382   \n",
       "Tavg              -0.011248        0.062812  0.013747 -0.069281   0.090874   \n",
       "WetBulb           -0.025862        0.061401  0.027731 -0.025173   0.053566   \n",
       "PrecipTotal       -0.047997       -0.004496  0.049359  0.102520  -0.069015   \n",
       "ResultSpeed        0.027858       -0.006327 -0.008821  0.004720   0.013421   \n",
       "AvgSpeed           0.018731       -0.000104 -0.011739 -0.018920   0.038248   \n",
       "\n",
       "                 AddressAccuracy  NumMosquitos  WnvPresent  dist_to_spray  \\\n",
       "Unnamed: 0             -0.293780      0.038228   -0.011267       0.225163   \n",
       "TotalMosquitos         -0.092381      0.405804    0.055560       0.113958   \n",
       "Block                   0.173786      0.001985    0.037100       0.068967   \n",
       "Latitude                0.326204     -0.050559    0.045720      -0.559910   \n",
       "Longitude              -0.370554     -0.053131   -0.073199       0.282355   \n",
       "AddressAccuracy         1.000000     -0.047644    0.025590      -0.266432   \n",
       "NumMosquitos           -0.047644      1.000000    0.228447       0.098939   \n",
       "WnvPresent              0.025590      0.228447    1.000000      -0.075315   \n",
       "dist_to_spray          -0.266432      0.098939   -0.075315       1.000000   \n",
       "dist_to_ord            -0.374493      0.008845   -0.062938       0.501655   \n",
       "dist_to_mdw            -0.105390      0.050929    0.026974      -0.088350   \n",
       "Station                -0.189960     -0.044371   -0.065765       0.257966   \n",
       "Tmax                   -0.013100      0.090340    0.041011      -0.072466   \n",
       "Tmin                   -0.044099      0.097279    0.064859      -0.079692   \n",
       "Tavg                   -0.029442      0.099871    0.056063      -0.089688   \n",
       "WetBulb                -0.012254      0.095301    0.072407      -0.298346   \n",
       "PrecipTotal             0.034484      0.010673    0.013806      -0.287081   \n",
       "ResultSpeed            -0.026800      0.019513   -0.050981       0.208023   \n",
       "AvgSpeed               -0.033443      0.026346   -0.037695       0.091633   \n",
       "\n",
       "                 dist_to_ord  dist_to_mdw   Station      Tmax      Tmin  \\\n",
       "Unnamed: 0          0.249257     0.075511  0.152102 -0.024049  0.006406   \n",
       "TotalMosquitos      0.035746     0.066979 -0.012511  0.054795  0.064098   \n",
       "Block              -0.121988    -0.001350 -0.294010  0.027102 -0.002683   \n",
       "Latitude           -0.925625     0.492132 -0.748935 -0.020913 -0.115107   \n",
       "Longitude           0.868549    -0.087958  0.639094  0.049637  0.125382   \n",
       "AddressAccuracy    -0.374493    -0.105390 -0.189960 -0.013100 -0.044099   \n",
       "NumMosquitos        0.008845     0.050929 -0.044371  0.090340  0.097279   \n",
       "WnvPresent         -0.062938     0.026974 -0.065765  0.041011  0.064859   \n",
       "dist_to_spray       0.501655    -0.088350  0.257966 -0.072466 -0.079692   \n",
       "dist_to_ord         1.000000    -0.322641  0.748754  0.037299  0.128948   \n",
       "dist_to_mdw        -0.322641     1.000000 -0.658202 -0.009961 -0.074091   \n",
       "Station             0.748754    -0.658202  1.000000  0.034683  0.141259   \n",
       "Tmax                0.037299    -0.009961  0.034683  1.000000  0.787398   \n",
       "Tmin                0.128948    -0.074091  0.141259  0.787398  1.000000   \n",
       "Tavg                0.085554    -0.043403  0.090700  0.950253  0.939185   \n",
       "WetBulb             0.040573    -0.013508  0.039651  0.870301  0.928897   \n",
       "PrecipTotal        -0.092600     0.096741 -0.139322  0.049302  0.174532   \n",
       "ResultSpeed         0.004204     0.057033 -0.025412 -0.028529  0.054748   \n",
       "AvgSpeed            0.031014     0.040398 -0.000297  0.007922  0.145315   \n",
       "\n",
       "                     Tavg   WetBulb  PrecipTotal  ResultSpeed  AvgSpeed  \n",
       "Unnamed: 0      -0.011248 -0.025862    -0.047997     0.027858  0.018731  \n",
       "TotalMosquitos   0.062812  0.061401    -0.004496    -0.006327 -0.000104  \n",
       "Block            0.013747  0.027731     0.049359    -0.008821 -0.011739  \n",
       "Latitude        -0.069281 -0.025173     0.102520     0.004720 -0.018920  \n",
       "Longitude        0.090874  0.053566    -0.069015     0.013421  0.038248  \n",
       "AddressAccuracy -0.029442 -0.012254     0.034484    -0.026800 -0.033443  \n",
       "NumMosquitos     0.099871  0.095301     0.010673     0.019513  0.026346  \n",
       "WnvPresent       0.056063  0.072407     0.013806    -0.050981 -0.037695  \n",
       "dist_to_spray   -0.089688 -0.298346    -0.287081     0.208023  0.091633  \n",
       "dist_to_ord      0.085554  0.040573    -0.092600     0.004204  0.031014  \n",
       "dist_to_mdw     -0.043403 -0.013508     0.096741     0.057033  0.040398  \n",
       "Station          0.090700  0.039651    -0.139322    -0.025412 -0.000297  \n",
       "Tmax             0.950253  0.870301     0.049302    -0.028529  0.007922  \n",
       "Tmin             0.939185  0.928897     0.174532     0.054748  0.145315  \n",
       "Tavg             1.000000  0.949113     0.117385     0.008668  0.075251  \n",
       "WetBulb          0.949113  1.000000     0.249396    -0.026026  0.067385  \n",
       "PrecipTotal      0.117385  0.249396     1.000000     0.129405  0.231715  \n",
       "ResultSpeed      0.008668 -0.026026     0.129405     1.000000  0.899258  \n",
       "AvgSpeed         0.075251  0.067385     0.231715     0.899258  1.000000  "
      ]
     },
     "execution_count": 37,
     "metadata": {},
     "output_type": "execute_result"
    }
   ],
   "source": [
    "train_msq.corr()"
   ]
  },
  {
   "cell_type": "code",
   "execution_count": 38,
   "metadata": {
    "collapsed": false
   },
   "outputs": [
    {
     "data": {
